 35; 38; 39; 42; 45; 46; 47; 48; 49; 52] true
[0; 1; 3; 4; 7; 8; 9; 10; 11; 14; 17; 18; 19; 20; 23; 24; 25; 28; 31; 32; 33; 34;
 35; 38; 39; 42; 45; 46; 47; 48; 49; 52] true
[0; 2; 3; 4; 7; 8; 9; 10; 11; 14; 17; 18; 19; 20; 23; 24; 25; 28; 31; 32; 33; 34;
 35; 38; 39; 42; 45; 46; 47; 48; 49; 52] true
[0; 1; 2; 3; 4; 7; 8; 9; 10; 11; 14; 17; 18; 19; 20; 23; 24; 25; 28; 31; 32; 33;
 34; 35; 38; 39; 42; 45; 46; 47; 48; 49; 52] true
      965.42 real       898.40 user         7.81 sys

Compilation finished at Thu Dec 10 01:18:04
